latitude: 31.241203350868528
longitude: 29.992410978924088
